#       time        depth temperature sp_upper sp_lower plate_edge adiabatic_temperature adiabatic_pressure adiabatic_density adiabatic_density_derivative velocity_magnitude sinking_velocity rising_velocity viscosity log_viscosity vertical_heat_flux vertical_mass_flux sp_upper_mass sp_lower_mass plate_edge_mass
           0        28900      893.688    0.0550271    0.0937988   0.00841611       1584.6  9.76788e+08      3299.94  7.88998e-06            0            0            0  5.04213e+22      21.9178    0.0750537            0      175.533      303.625       27.828
           0        86700      1560.14   -0.0112706    0.0945584   0.00838511      1608.07  2.93357e+09      3299.94 -8.08114e-06            0            0            0  1.51416e+21      19.7431     0.016265            0     -36.7289      308.134      27.6437
           0       144500      1620.34            0   0.00255968   0.00933284      1629.52  4.69786e+09      3299.96 -1.02661e-05            0            0            0  9.55094e+20      19.6372   0.00239797            0            0      8.50005      30.8028
           0       202300      1648.54            0   0.00242296    0.0064943      1651.31  6.46568e+09      3299.95 -8.36273e-06            0            0            0  1.70956e+21      19.7931   0.00191406            0            0      8.06446      21.4323
           0       260100      1674.69            0   0.00010178  0.000245784      1675.91  8.43409e+09      3299.93 -8.49941e-06            0            0            0  1.05914e+20      19.9785   0.00179164            0            0     0.339656     0.811131
           0       317900      1700.96            0            0            0      1700.93  1.04067e+10      3299.93 -2.10142e-08            0            0            0  1.44361e+20      20.1566   0.00176088            0            0            0            0
           0       375700      1726.39            0            0            0      1726.38  1.23836e+10      3299.94 -8.79648e-06            0            0            0  2.15061e+20      20.3299   0.00175064            0            0            0            0
           0       433500      1749.65            0            0            0      1749.65   1.4179e+10      3373.24   0.00171738            0            0            0  3.02754e+20      20.4796   0.00182439            0            0            0            0
           0       491300      1773.27            0            0            0      1773.27  1.60131e+10      3394.32  -4.9385e-08            0            0            0  4.21103e+20      20.6221   0.00186249            0            0            0            0
           0       549100      1799.91            0            0            0      1799.91  1.80613e+10       3427.2   0.00106035            0            0            0  6.00482e+20      20.7764   0.00191082            0            0            0            0
           0       606900      1826.98            0            0            0      1826.98  2.01352e+10      3452.89  9.05278e-05            0            0            0  8.45433e+20       20.925   0.00195594            0            0            0            0
           0       664700      1854.48            0            0            0      1854.48  2.22418e+10      3615.62   0.00491637            0            0            0  1.19644e+22      21.9476   0.00208021            0            0            0            0
           0       722500      1879.58            0            0            0      1879.58  2.42587e+10      3771.92  1.24325e-06            0            0            0  1.75786e+22      22.2449   0.00219868            0            0            0            0
           0       780300      1905.01            0            0            0      1905.01   2.6303e+10      3771.92 -1.10878e-05            0            0            0  1.90323e+22      22.2794   0.00222642            0            0            0            0
           0       838100      1933.68            0            0            0      1933.64  2.85727e+10      3771.95 -2.24089e-05            0            0            0  2.06594e+22       22.315   0.00227121            0            0            0            0
           0       895900      1962.68            0            0            0      1962.68  3.08404e+10      3771.95  9.19112e-08            0            0            0  2.21108e+22      22.3445   0.00224514            0            0            0            0
           0       953700      1991.19            0            0            0      1992.12  3.31061e+10      3771.92  1.16523e-07            0            0            0  2.37454e+22      22.3755   0.00229969            0            0            0            0
           0   1.0115e+06      2018.77            0            0            0      2018.97  3.51436e+10      3771.93  2.91302e-05            0            0            0  2.50232e+22      22.3983   0.00243004            0            0            0            0
           0   1.0693e+06      2046.29            0            0            0      2046.18  3.71798e+10      3771.92 -8.02169e-08            0            0            0  2.64346e+22      22.4221   0.00237302            0            0            0            0
           0   1.1271e+06      2076.82            0            0            0      2076.82  3.94408e+10      3771.91 -1.30226e-07            0            0            0  2.78796e+22      22.4452   0.00241603            0            0            0            0
           0   1.1849e+06      2107.89            0            0            0      2107.89  4.17003e+10      3771.92 -1.22426e-05            0            0            0  2.90896e+22      22.4637   0.00245054            0            0            0            0
           0   1.2427e+06      2139.41            0            0            0      2139.41  4.39585e+10      3771.89  2.46666e-05            0            0            0  3.01591e+22      22.4794   0.00248617            0            0            0            0
           0   1.3005e+06      2168.16            0            0            0      2168.16  4.59902e+10      3771.86 -3.12521e-05            0            0            0  3.09945e+22      22.4913   0.00251855            0            0            0            0
           0   1.3583e+06       2197.3            0            0            0       2197.3   4.8021e+10       3771.9  1.26309e-05            0            0            0  3.16943e+22       22.501    0.0025515            0            0            0            0
           0   1.4161e+06      2230.12            0            0            0      2230.12  5.02768e+10      3771.86  1.28459e-05            0            0            0  3.23128e+22      22.5094   0.00258913            0            0            0            0
           0   1.4739e+06      2263.43            0            0            0      2263.43  5.25324e+10      3771.92  2.60782e-05            0            0            0  3.27585e+22      22.5153   0.00262768            0            0            0            0
           0   1.5317e+06      2297.24            0            0            0      2297.23  5.47879e+10      3771.99 -1.31504e-05            0            0            0  3.30278e+22      22.5189    0.0026668            0            0            0            0
           0   1.5895e+06      2328.08            0            0            0      2328.08  5.68178e+10      3771.94 -6.09692e-08            0            0            0  3.31255e+22      22.5202   0.00270284            0            0            0            0
           0   1.6473e+06      2359.37            0            0            0      2359.37  5.88484e+10      3771.95 -5.00837e-08            0            0            0  3.30772e+22      22.5195   0.00274044            0            0            0            0
           0   1.7051e+06      2394.63            0            0            0      2394.63  6.11056e+10      3771.97  2.76249e-05            0            0            0  3.28673e+22      22.5168   0.00278262            0            0            0            0
           0   1.7629e+06      2430.44            0            0            0      2430.44  6.33639e+10      3771.95 -5.13523e-08            0            0            0  3.24996e+22      22.5119   0.00282597            0            0            0            0
           0   1.8207e+06      2466.95            0            0            0      2466.81  6.56239e+10       3771.9 -1.09343e-07            0            0            0  3.18602e+22      22.5032   0.00288221            0            0            0            0
           0   1.8785e+06      2499.77            0            0            0      2500.04  6.76601e+10      3771.88 -1.39507e-07            0            0            0   3.1184e+22      22.4939   0.00281366            0            0            0            0
           0   1.9363e+06      2532.58            0            0            0      2533.77  6.96985e+10      3771.97  1.47423e-05            0            0            0  3.06344e+22      22.4862   0.00298333            0            0            0            0
           0   1.9941e+06      2571.82            0            0            0      2571.81  7.19662e+10      3771.92  -2.9816e-05            0            0            0  2.96365e+22      22.4718   0.00306112            0            0            0            0
           0   2.0519e+06      2610.55            0            0            0       2610.5  7.42379e+10      3771.87 -3.05404e-05            0            0            0  2.88348e+22      22.4599    0.0030382            0            0            0            0
           0   2.1097e+06      2649.85            0            0            0      2649.85  7.65142e+10       3771.9  -7.5788e-08            0            0            0  2.78115e+22      22.4442   0.00310795            0            0            0            0
           0   2.1675e+06      2685.83            0            0            0      2685.83  7.85669e+10      3771.92  1.97024e-05            0            0            0   2.6793e+22       22.428   0.00315586            0            0            0            0
           0   2.2253e+06      2722.41            0            0            0      2722.41  8.06243e+10      3771.87  4.18245e-08            0            0            0  2.57366e+22      22.4105    0.0032076            0            0            0            0
           0   2.2831e+06      2763.74            0            0            0      2763.74   8.2917e+10       3771.9   -1.136e-07            0            0            0  2.45057e+22      22.3892   0.00326604            0            0            0            0
           0   2.3409e+06      2805.83            0            0            0      2805.83  8.52167e+10      3771.88  1.63957e-05            0            0            0  2.32535e+22      22.3664   0.00332677            0            0            0            0
           0   2.3987e+06      2848.71            0            0            0      2848.71  8.75241e+10      3771.86  1.59997e-08            0            0            0  2.19705e+22      22.3418    0.0033895            0            0            0            0
           0   2.4565e+06         2888            0            0            0         2888  8.96089e+10      3771.87  -2.1401e-05            0            0            0  2.08202e+22      22.3184   0.00345074            0            0            0            0
           0   2.5143e+06      2928.03            0            0            0      2928.03  9.17025e+10      3771.85  -1.7449e-05            0            0            0  1.96579e+22      22.2935   0.00351204            0            0            0            0
           0   2.5721e+06      2973.33            0            0            0      2973.33  9.40385e+10      3771.86 -1.78486e-05            0            0            0  1.83893e+22      22.2645   0.00358388            0            0            0            0
           0   2.6299e+06      3019.58            0            0            0      3019.58  9.63866e+10      3771.86 -1.82659e-05            0            0            0  1.71292e+22      22.2336   0.00365975            0            0            0            0
           0   2.6877e+06      3066.82            0            0            0      3066.82  9.87486e+10      3771.82 -1.86083e-05            0            0            0  1.59063e+22      22.2015   0.00373959            0            0            0            0
           0   2.7455e+06       3110.2            0            0            0       3110.2  1.00886e+11      3771.78   2.3378e-05            0            0            0  1.48268e+22       22.171    0.0038127            0            0            0            0
           0   2.8033e+06      3259.07            0            0            0      3154.49  1.03037e+11      3771.85 -1.92574e-05            0            0            0  6.95486e+21      21.8252   0.00389279            0            0            0            0
           0   2.8611e+06       2694.2            0            0            0      3204.78  1.05444e+11      3771.83 -6.70624e-08            0            0            0  5.33176e+23      23.3977   -0.0923592            0            0            0            0
           0        28900      921.996    0.0237436     0.116145    0.0129612       1584.6  9.76795e+08      3299.94 -7.92137e-06            0            0            0  6.04341e+22      22.0007    0.0750878            0      75.3621      379.221      42.8708
           0        86700      1517.43  0.000676618     0.029569    0.0129669      1606.88  2.83562e+09      3299.94  4.44656e-06            0            0            0   1.3449e+21      19.8188    0.0177663            0      2.22253      96.8458      42.8076
           0       144500      1623.08  0.000887122   0.00165732    0.0130024      1629.52  4.69793e+09      3299.93 -4.08655e-06            0            0            0   1.6925e+21      19.6254   0.00253546            0      2.95722      5.48079      42.9115
           0       202300       1649.6  8.35331e-06   0.00220527   0.00405075      1652.53  6.56396e+09      3299.95  9.17456e-06            0            0            0  1.52789e+21      19.8027   0.00164174            0    0.0282893      7.30869      13.3674
           0       260100      1674.46            0  0.000124047 -0.000195313      1675.91  8.43409e+09      3299.93  4.19156e-06            0            0            0  2.46856e+20      19.9795   0.00184729            0            0      0.41275    -0.644584
           0       317900      1700.85            0            0            0      1700.93  1.04067e+10      3299.94 -3.16609e-08            0            0            0  1.44467e+20      20.1568   0.00175908            0            0            0            0
           0       375700       1725.1            0            0            0      1725.09  1.22846e+10      3299.96  4.79969e-06            0            0            0   2.1017e+20      20.3204   0.00175601            0            0            0            0
           0       433500      1749.65            0            0            0      1749.65  1.41802e+10      3368.35   0.00159035            0            0            0  3.01552e+20      20.4768   0.00182187            0            0            0            0
           0       491300      1774.59            0            0            0      1774.59  1.61152e+10      3394.34  5.11627e-06            0            0            0  4.27821e+20      20.6294   0.00186399            0            0            0            0
           0       549100      1799.91            0            0            0      1799.91  1.80613e+10      3427.44  0.000883533            0            0            0  5.98656e+20       20.775   0.00191091            0            0            0            0
           0       606900      1826.98            0            0            0      1826.98  2.01352e+10      3452.78  0.000122668            0            0            0  8.41781e+20      20.9232   0.00195578            0            0            0            0
           0       664700      1853.09            0            0            0      1853.09  2.21316e+10      3596.99   0.00577111            0            0            0  1.12685e+22      21.9013   0.00206829            0            0            0            0
           0       722500      1878.18            0            0            0      1878.18   2.4145e+10      3771.89  1.54017e-05            0            0            0   1.7474e+22      22.2423   0.00219681            0            0            0            0
           0       780300      1905.01            0            0            0      1905.01   2.6303e+10      3771.92 -1.10878e-05            0            0            0  1.90323e+22      22.2794   0.00222642            0            0            0            0
           0       838100      1933.68            0            0            0      1933.64  2.85727e+10      3771.95 -2.24089e-05            0            0            0  2.06594e+22       22.315   0.00227121            0            0            0            0
           0       895900      1962.68            0            0            0      1962.68  3.08404e+10      3771.95  9.19112e-08            0            0            0  2.21108e+22      22.3445   0.00224514            0            0            0            0
           0       953700      1991.19            0            0            0      1992.12  3.31061e+10      3771.92  1.16523e-07            0            0            0  2.37454e+22      22.3755   0.00229969            0            0            0            0
           0   1.0115e+06      2018.77            0            0            0      2018.97  3.51436e+10      3771.93  2.91302e-05            0            0            0  2.50232e+22      22.3983   0.00243004            0            0            0            0
           0   1.0693e+06      2046.29            0            0            0      2046.18  3.71798e+10      3771.92 -8.02169e-08            0            0            0  2.64346e+22      22.4221   0.00237302            0            0            0            0
           0   1.1271e+06      2076.82            0            0            0      2076.82  3.94408e+10      3771.91 -1.30226e-07            0            0            0  2.78796e+22      22.4452   0.00241603            0            0            0            0
           0   1.1849e+06      2107.89            0            0            0      2107.89  4.17003e+10      3771.92 -1.22426e-05            0            0            0  2.90896e+22      22.4637   0.00245054            0            0            0            0
           0   1.2427e+06      2139.41            0            0            0      2139.41  4.39585e+10      3771.89  2.46666e-05            0            0            0  3.01591e+22      22.4794   0.00248617            0            0            0            0
           0   1.3005e+06      2168.16            0            0            0      2168.16  4.59902e+10      3771.86 -3.12521e-05            0            0            0  3.09945e+22      22.4913   0.00251855            0            0            0            0
           0   1.3583e+06       2197.3            0            0            0       2197.3   4.8021e+10       3771.9  1.26309e-05            0            0            0  3.16943e+22       22.501    0.0025515            0            0            0            0
           0   1.4161e+06      2230.12            0            0            0      2230.12  5.02768e+10      3771.86  1.28459e-05            0            0            0  3.23128e+22      22.5094   0.00258913            0            0            0            0
           0   1.4739e+06      2263.43            0            0            0      2263.43  5.25324e+10      3771.92  2.60782e-05            0            0            0  3.27585e+22      22.5153   0.00262768            0            0            0            0
           0   1.5317e+06      2297.24            0            0            0      2297.23  5.47879e+10      3771.99 -1.31504e-05            0            0            0  3.30278e+22      22.5189    0.0026668            0            0            0            0
           0   1.5895e+06      2328.08            0            0            0      2328.08  5.68178e+10      3771.94 -6.09692e-08            0            0            0  3.31255e+22      22.5202   0.00270284            0            0            0            0
           0   1.6473e+06      2359.37            0            0            0      2359.37  5.88484e+10      3771.95 -5.00837e-08            0            0            0  3.30772e+22      22.5195   0.00274044            0            0            0            0
           0   1.7051e+06      2394.63            0            0            0      2394.63  6.11056e+10      3771.97  2.76249e-05            0            0            0  3.28673e+22      22.5168   0.00278262            0            0            0            0
           0   1.7629e+06      2430.44            0            0            0      2430.44  6.33639e+10      3771.95 -5.13523e-08            0            0            0  3.24996e+22      22.5119   0.00282597            0            0            0            0
           0   1.8207e+06      2466.95            0            0            0      2466.81  6.56239e+10       3771.9 -1.09343e-07            0            0            0  3.18602e+22      22.5032   0.00288221            0            0            0            0
           0   1.8785e+06      2499.77            0            0            0      2500.04  6.76601e+10      3771.88 -1.39507e-07            0            0            0   3.1184e+22      22.4939   0.00281366            0            0            0            0
           0   1.9363e+06      2532.58            0            0            0      2533.77  6.96985e+10      3771.97  1.47423e-05            0            0            0  3.06344e+22      22.4862   0.00298333            0            0            0            0
           0   1.9941e+06      2571.82            0            0            0      2571.81  7.19662e+10      3771.92  -2.9816e-05            0            0            0  2.96365e+22      22.4718   0.00306112            0            0            0            0
           0   2.0519e+06      2610.55            0            0            0       2610.5  7.42379e+10      3771.87 -3.05404e-05            0            0            0  2.88348e+22      22.4599    0.0030382            0            0            0            0
           0   2.1097e+06      2649.85            0            0            0      2649.85  7.65142e+10       3771.9  -7.5788e-08            0            0            0  2.78115e+22      22.4442   0.00310795            0            0            0            0
           0   2.1675e+06      2685.83            0            0            0      2685.83  7.85669e+10      3771.92  1.97024e-05            0            0            0   2.6793e+22       22.428   0.00315586            0            0            0            0
           0   2.2253e+06      2722.41            0            0            0      2722.41  8.06243e+10      3771.87  4.18245e-08            0            0            0  2.57366e+22      22.4105    0.0032076            0            0            0            0
           0   2.2831e+06      2763.74            0            0            0      2763.74   8.2917e+10       3771.9   -1.136e-07            0            0            0  2.45057e+22      22.3892   0.00326604            0            0            0            0
           0   2.3409e+06      2805.83            0            0            0      2805.83  8.52167e+10      3771.88  1.63957e-05            0            0            0  2.32535e+22      22.3664   0.00332677            0            0            0            0
           0   2.3987e+06      2848.71            0            0            0      2848.71  8.75241e+10      3771.86  1.59997e-08            0            0            0  2.19705e+22      22.3418    0.0033895            0            0            0            0
           0   2.4565e+06         2888            0            0            0         2888  8.96089e+10      3771.87  -2.1401e-05            0            0            0  2.08202e+22      22.3184   0.00345074            0            0            0            0
           0   2.5143e+06      2928.03            0            0            0      2928.03  9.17025e+10      3771.85  -1.7449e-05            0            0            0  1.96579e+22      22.2935   0.00351204            0            0            0            0
           0   2.5721e+06      2973.33            0            0            0      2973.33  9.40385e+10      3771.86 -1.78486e-05            0            0            0  1.83893e+22      22.2645   0.00358388            0            0            0            0
           0   2.6299e+06      3019.58            0            0            0      3019.58  9.63866e+10      3771.86 -1.82659e-05            0            0            0  1.71292e+22      22.2336   0.00365975            0            0            0            0
           0   2.6877e+06      3066.82            0            0            0      3066.82  9.87486e+10      3771.82 -1.86083e-05            0            0            0  1.59063e+22      22.2015   0.00373959            0            0            0            0
           0   2.7455e+06      3112.65            0            0            0      3112.64  1.01005e+11      3771.79  3.13832e-05            0            0            0  1.47675e+22      22.1692   0.00381699            0            0            0            0
           0   2.8033e+06      3156.97            0            0            0      3156.97  1.03157e+11      3771.84  1.06859e-05            0            0            0  1.37232e+22      22.1374   0.00389694            0            0            0            0
           0   2.8611e+06      3001.78            0            0            0      3204.78  1.05444e+11      3771.84 -9.92677e-06            0            0            0  2.67036e+23      22.5942   -0.0923577            0            0            0            0
           0        28900      904.271     0.013693     0.126873    0.0130453      1584.02  9.27911e+08      3299.95 -2.09636e-06            0            0            0   6.4829e+22        22.13    0.0770078            0      43.4974      416.594      43.1078
           0        86700      1509.19  0.000809922    0.0231165    0.0130395      1606.29  2.78668e+09      3299.94 -3.20099e-08            0            0            0  1.90681e+21      19.8543    0.0185811            0      2.60002      75.6403      43.0402
           0       144500      1622.71  0.000645083   0.00251022    0.0130579      1629.52  4.69793e+09      3299.93 -1.48973e-06            0            0            0  1.81916e+21      19.6276   0.00277523            0      2.14296      8.29608      43.0925
           0       202300      1649.75  0.000543107   0.00164978   0.00739534       1652.7  6.57834e+09      3299.95   6.4823e-06            0            0            0  1.60067e+21      19.8048   0.00169015            0      1.92322      5.47971      24.4053
           0       260100      1674.76            0   2.3706e-05            0      1676.08  8.44744e+09      3299.93  3.04638e-06            0            0            0  1.53767e+20      19.9802   0.00183698            0            0    0.0783867            0
           0       317900      1700.69            0            0            0      1700.76  1.03933e+10      3299.94 -3.30642e-08            0            0            0  1.44029e+20      20.1555   0.00175546            0            0            0            0
           0       375700      1724.91            0            0            0      1724.91  1.22701e+10      3299.95  4.06128e-06            0            0            0  2.09603e+20      20.3192    0.0017568            0            0            0            0
           0       433500      1749.65            0            0            0      1749.65  1.41802e+10      3368.33   0.00160131            0            0            0   3.0154e+20      20.4768   0.00182185            0            0            0            0
           0       491300      1774.78            0            0            0      1774.78  1.61301e+10      3394.33  3.60986e-06            0            0            0  4.28986e+20      20.6305   0.00186421            0            0            0            0
           0       549100      1800.09            0            0            0      1800.09  1.80752e+10      3427.93  0.000908275            0            0            0  5.99965e+20       20.776   0.00191139            0            0            0            0
           0       606900      1826.79            0            0            0      1826.79  2.01211e+10      3452.76  0.000115697            0            0            0  8.39703e+20      20.9222   0.00195557            0            0            0            0
           0       664700      1852.89            0            0            0      1852.89  2.21161e+10      3594.82   0.00575172            0            0            0   1.1109e+22      21.8873   0.00206682            0            0            0            0
           0       722500      1878.18            0            0            0      1878.18   2.4145e+10      3771.89  1.54017e-05            0            0            0   1.7474e+22      22.2423   0.00219681            0            0            0            0
           0       780300      1905.01            0            0            0      1905.01   2.6303e+10      3771.92 -1.10878e-05            0            0            0  1.90323e+22      22.2794   0.00222642            0            0            0            0
           0       838100      1933.68            0            0            0      1933.64  2.85727e+10      3771.95 -2.24089e-05            0            0            0  2.06594e+22       22.315   0.00227121            0            0            0            0
           0       895900      1962.68            0            0            0      1962.68  3.08404e+10      3771.95  9.19112e-08            0            0            0  2.21108e+22      22.3445   0.00224514            0            0            0            0
           0       953700      1991.19            0            0            0      1992.12  3.31061e+10      3771.92  1.16523e-07            0            0            0  2.37454e+22      22.3755   0.00229969            0            0            0            0
           0   1.0115e+06      2018.77            0            0            0      2018.97  3.51436e+10      3771.93  2.91302e-05            0            0            0  2.50232e+22      22.3983   0.00243004            0            0            0            0
           0   1.0693e+06      2046.29            0            0            0      2046.18  3.71798e+10      3771.92 -8.02169e-08            0            0            0  2.64346e+22      22.4221   0.00237302            0            0            0            0
           0   1.1271e+06      2076.82            0            0            0      2076.82  3.94408e+10      3771.91 -1.30226e-07            0            0            0  2.78796e+22      22.4452   0.00241603            0            0            0            0
           0   1.1849e+06      2107.89            0            0            0      2107.89  4.17003e+10      3771.92 -1.22426e-05            0            0            0  2.90896e+22      22.4637   0.00245054            0            0            0            0
           0   1.2427e+06      2139.41            0            0            0      2139.41  4.39585e+10      3771.89  2.46666e-05            0            0            0  3.01591e+22      22.4794   0.00248617            0            0            0            0
           0   1.3005e+06      2168.16            0            0            0      2168.16  4.59902e+10      3771.86 -3.12521e-05            0            0            0  3.09945e+22      22.4913   0.00251855            0            0            0            0
           0   1.3583e+06       2197.3            0            0            0       2197.3   4.8021e+10       3771.9  1.26309e-05            0            0            0  3.16943e+22       22.501    0.0025515            0            0            0            0
           0   1.4161e+06      2230.12            0            0            0      2230.12  5.02768e+10      3771.86  1.28459e-05            0            0            0  3.23128e+22      22.5094   0.00258913            0            0            0            0
           0   1.4739e+06      2263.43            0            0            0      2263.43  5.25324e+10      3771.92  2.60782e-05            0            0            0  3.27585e+22      22.5153   0.00262768            0            0            0            0
           0   1.5317e+06      2297.24            0            0            0      2297.23  5.47879e+10      3771.99 -1.31504e-05            0            0            0  3.30278e+22      22.5189    0.0026668            0            0            0            0
           0   1.5895e+06      2328.08            0            0            0      2328.08  5.68178e+10      3771.94 -6.09692e-08            0            0            0  3.31255e+22      22.5202   0.00270284            0            0            0            0
           0   1.6473e+06      2359.37            0            0            0      2359.37  5.88484e+10      3771.95 -5.00837e-08            0            0            0  3.30772e+22      22.5195   0.00274044            0            0            0            0
           0   1.7051e+06      2394.63            0            0            0      2394.63  6.11056e+10      3771.97  2.76249e-05            0            0            0  3.28673e+22      22.5168   0.00278262            0            0            0            0
           0   1.7629e+06      2430.44            0            0            0      2430.44  6.33639e+10      3771.95 -5.13523e-08            0            0            0  3.24996e+22      22.5119   0.00282597            0            0            0            0
           0   1.8207e+06      2466.95            0            0            0      2466.81  6.56239e+10       3771.9 -1.09343e-07            0            0            0  3.18602e+22      22.5032   0.00288221            0            0            0            0
           0   1.8785e+06      2499.77            0            0            0      2500.04  6.76601e+10      3771.88 -1.39507e-07            0            0            0   3.1184e+22      22.4939   0.00281366            0            0            0            0
           0   1.9363e+06      2532.58            0            0            0      2533.77  6.96985e+10      3771.97  1.47423e-05            0            0            0  3.06344e+22      22.4862   0.00298333            0            0            0            0
           0   1.9941e+06      2571.82            0            0            0      2571.81  7.19662e+10      3771.92  -2.9816e-05            0            0            0  2.96365e+22      22.4718   0.00306112            0            0            0            0
           0   2.0519e+06      2610.55            0            0            0       2610.5  7.42379e+10      3771.87 -3.05404e-05            0            0            0  2.88348e+22      22.4599    0.0030382            0            0            0            0
           0   2.1097e+06      2649.85            0            0            0      2649.85  7.65142e+10       3771.9  -7.5788e-08            0            0            0  2.78115e+22      22.4442   0.00310795            0            0            0            0
           0   2.1675e+06      2685.83            0            0            0      2685.83  7.85669e+10      3771.92  1.97024e-05            0            0            0   2.6793e+22       22.428   0.00315586            0            0            0            0
           0   2.2253e+06      2722.41            0            0            0      2722.41  8.06243e+10      3771.87  4.18245e-08            0            0            0  2.57366e+22      22.4105    0.0032076            0            0            0            0
           0   2.2831e+06      2763.74            0            0            0      2763.74   8.2917e+10       3771.9   -1.136e-07            0            0            0  2.45057e+22      22.3892   0.00326604            0            0            0            0
           0   2.3409e+06      2805.83            0            0            0      2805.83  8.52167e+10      3771.88  1.63957e-05            0            0            0  2.32535e+22      22.3664   0.00332677            0            0            0            0
           0   2.3987e+06      2848.71            0            0            0      2848.71  8.75241e+10      3771.86  1.59997e-08            0            0            0  2.19705e+22      22.3418    0.0033895            0            0            0            0
           0   2.4565e+06         2888            0            0            0         2888  8.96089e+10      3771.87  -2.1401e-05            0            0            0  2.08202e+22      22.3184   0.00345074            0            0            0            0
           0   2.5143e+06      2928.03            0            0            0      2928.03  9.17025e+10      3771.85  -1.7449e-05            0            0            0  1.96579e+22      22.2935   0.00351204            0            0            0            0
           0   2.5721e+06      2973.33            0            0            0      2973.33  9.40385e+10      3771.86 -1.78486e-05            0            0            0  1.83893e+22      22.2645   0.00358388            0            0            0            0
           0   2.6299e+06      3019.58            0            0            0      3019.58  9.63866e+10      3771.85 -9.13273e-06            0            0            0  1.71289e+22      22.2336   0.00365985            0            0            0            0
           0   2.6877e+06      3064.43            0            0            0      3064.43    9.863e+10      3771.83 -1.01686e-05            0            0            0  1.59578e+22      22.2029    0.0037353            0            0            0            0
           0   2.7455e+06      3110.22            0            0            0      3110.22  1.00886e+11      3771.83 -4.66463e-06            0            0            0  1.48225e+22      22.1708   0.00381306            0            0            0            0
           0   2.8033e+06      3158.22            0            0            0      3158.22  1.03217e+11      3771.83  5.03917e-06            0            0            0  1.36929e+22      22.1364   0.00389921            0            0            0            0
           0   2.8611e+06      3099.21            0            0            0      3206.05  1.05504e+11      3771.84  5.85791e-09            0            0            0   1.4589e+23      22.3606   -0.0974262            0            0            0            0
           0        28900      907.262    0.0316222     0.109023    0.0130315      1584.02  9.27911e+08      3299.95 -2.09587e-06            0            0            0  6.50361e+22      22.1115    0.0770084            0      98.9103      358.152      43.0299
           0        86700      1509.79  0.000879041    0.0169646    0.0132782      1606.37   2.7935e+09      3299.94 -3.22454e-08            0            0            0  2.03951e+21      19.8481     0.018481            0      2.76594      55.5278      43.8235
           0       144500      1623.02  0.000587878   0.00237911    0.0124806       1629.6  4.70392e+09      3299.93 -1.50089e-06            0            0            0  1.76897e+21       19.627   0.00276306            0      1.93334      7.86605      41.1865
           0       202300      1649.68  0.000339738   0.00173498   0.00593478       1652.7  6.57772e+09      3299.95  6.47799e-06            0            0            0  1.73324e+21       19.805   0.00169061            0      1.21143      5.74944       19.585
           0       260100      1674.76            0  -1.7497e-06            0      1676.08  8.44744e+09      3299.93  3.04638e-06            0            0            0  1.57347e+20      19.9802   0.00183646            0            0  -0.00585101            0
           0       317900      1700.69            0            0            0      1700.76  1.03933e+10      3299.94 -3.30642e-08            0            0            0  1.44029e+20      20.1555   0.00175546            0            0            0            0
           0       375700      1724.91            0            0            0      1724.91  1.22701e+10      3299.95  4.06128e-06            0            0            0  2.09603e+20      20.3192    0.0017568            0            0            0            0
           0       433500      1749.65            0            0            0      1749.65  1.41802e+10      3368.33   0.00160131            0            0            0   3.0154e+20      20.4768   0.00182185            0            0            0            0
           0       491300      1774.78            0            0            0      1774.78  1.61301e+10      3394.33  3.60986e-06            0            0            0  4.28986e+20      20.6305   0.00186421            0            0            0            0
           0       549100      1800.09            0            0            0      1800.09  1.80752e+10      3427.93  0.000908275            0            0            0  5.99965e+20       20.776   0.00191139            0            0            0            0
           0       606900       1826.3            0            0            0       1826.3  2.00832e+10      3452.75  0.000120092            0            0            0   8.3414e+20      20.9194   0.00195499            0            0            0            0
           0       664700       1852.4            0            0            0       1852.4  2.20787e+10      3589.52   0.00578342            0            0            0  1.07057e+22      21.8529   0.00206322            0            0            0            0
           0       722500      1879.59            0            0            0      1879.59  2.42586e+10       3771.9  1.28226e-05            0            0            0  1.75435e+22       22.244   0.00219839            0            0            0            0
           0       780300      1906.43            0            0            0      1906.43  2.64166e+10      3771.93 -6.09785e-06            0            0            0   1.9118e+22      22.2813   0.00222792            0            0            0            0
           0       838100      1933.68            0            0            0      1933.64  2.85727e+10      3771.92 -5.66455e-06            0            0            0  2.06601e+22       22.315   0.00227123            0            0            0            0
           0       895900      1962.68            0            0            0      1962.68  3.08404e+10      3771.95  9.19112e-08            0            0            0  2.21108e+22      22.3445   0.00224514            0            0            0            0
           0       953700      1991.19            0            0            0      1992.12  3.31061e+10      3771.92  1.16523e-07            0            0            0  2.37454e+22      22.3755   0.00229969            0            0            0            0
           0   1.0115e+06      2018.77            0            0            0      2018.97  3.51436e+10      3771.93  2.91302e-05            0            0            0  2.50232e+22      22.3983   0.00243004            0            0            0            0
           0   1.0693e+06      2046.29            0            0            0      2046.18  3.71798e+10      3771.92 -8.02169e-08            0            0            0  2.64346e+22      22.4221   0.00237302            0            0            0            0
           0   1.1271e+06      2076.82            0            0            0      2076.82  3.94408e+10      3771.91 -1.30226e-07            0            0            0  2.78796e+22      22.4452   0.00241603            0            0            0            0
           0   1.1849e+06      2107.89            0            0            0      2107.89  4.17003e+10      3771.92 -1.22426e-05            0            0            0  2.90896e+22      22.4637   0.00245054            0            0            0            0
           0   1.2427e+06      2139.41            0            0            0      2139.41  4.39585e+10      3771.89  2.46666e-05            0            0            0  3.01591e+22      22.4794   0.00248617            0            0            0            0
           0   1.3005e+06      2168.16            0            0            0      2168.16  4.59902e+10      3771.86 -3.12521e-05            0            0            0  3.09945e+22      22.4913   0.00251855            0            0            0            0
           0   1.3583e+06       2197.3            0            0            0       2197.3   4.8021e+10       3771.9  1.26309e-05            0            0            0  3.16943e+22       22.501    0.0025515            0            0            0            0
           0   1.4161e+06      2230.12            0            0            0      2230.12  5.02768e+10      3771.86  1.28459e-05            0            0            0  3.23128e+22      22.5094   0.00258913            0            0            0            0
           0   1.4739e+06      2263.43            0            0            0      2263.43  5.25324e+10      3771.92  2.60782e-05            0            0            0  3.27585e+22      22.5153   0.00262768            0            0            0            0
           0   1.5317e+06      2297.24            0            0            0      2297.23  5.47879e+10      3771.99 -1.31504e-05            0            0            0  3.30278e+22      22.5189    0.0026668            0            0            0            0
           0   1.5895e+06      2328.08            0            0            0      2328.08  5.68178e+10      3771.94 -6.09692e-08            0            0            0  3.31255e+22      22.5202   0.00270284            0            0            0            0
           0   1.6473e+06      2359.37            0            0            0      2359.37  5.88484e+10      3771.95 -5.00837e-08            0            0            0  3.30772e+22      22.5195   0.00274044            0            0            0            0
           0   1.7051e+06      2394.63            0            0            0      2394.63  6.11056e+10      3771.97  2.76249e-05            0            0            0  3.28673e+22      22.5168   0.00278262            0            0            0            0
           0   1.7629e+06      2430.44            0            0            0      2430.44  6.33639e+10      3771.95 -5.13523e-08            0            0            0  3.24996e+22      22.5119   0.00282597            0            0            0            0
           0   1.8207e+06      2466.95            0            0            0      2466.81  6.56239e+10       3771.9 -1.09343e-07            0            0            0  3.18602e+22      22.5032   0.00288221            0            0            0            0
           0   1.8785e+06      2499.77            0            0            0      2500.04  6.76601e+10      3771.88 -1.39507e-07            0            0            0   3.1184e+22      22.4939   0.00281366            0            0            0            0
           0   1.9363e+06      2532.58            0            0            0      2533.77  6.96985e+10      3771.97  1.47423e-05            0            0            0  3.06344e+22      22.4862   0.00298333            0            0            0            0
           0   1.9941e+06      2571.82            0            0            0      2571.81  7.19662e+10      3771.92  -2.9816e-05            0            0            0  2.96365e+22      22.4718   0.00306112            0            0            0            0
           0   2.0519e+06      2610.55            0            0            0       2610.5  7.42379e+10      3771.87 -3.05404e-05            0            0            0  2.88348e+22      22.4599    0.0030382            0            0            0            0
           0   2.1097e+06      2649.85            0            0            0      2649.85  7.65142e+10       3771.9  -7.5788e-08            0            0            0  2.78115e+22      22.4442   0.00310795            0            0            0            0
           0   2.1675e+06      2685.83            0            0            0      2685.83  7.85669e+10      3771.92  1.97024e-05            0            0            0   2.6793e+22       22.428   0.00315586            0            0            0            0
           0   2.2253e+06      2722.41            0            0            0      2722.41  8.06243e+10      3771.87  4.18245e-08            0            0            0  2.57366e+22      22.4105    0.0032076            0            0            0            0
           0   2.2831e+06      2763.74            0            0            0      2763.74   8.2917e+10       3771.9   -1.136e-07            0            0            0  2.45057e+22      22.3892   0.00326604            0            0            0            0
           0   2.3409e+06      2805.83            0            0            0      2805.83  8.52167e+10      3771.88  1.63957e-05            0            0            0  2.32535e+22      22.3664   0.00332677            0            0            0            0
           0   2.3987e+06      2848.71            0            0            0      2848.71  8.75241e+10      3771.86  1.59997e-08            0            0            0  2.19705e+22      22.3418    0.0033895            0            0            0            0
           0   2.4565e+06         2888            0            0            0         2888  8.96089e+10      3771.87  -2.1401e-05            0            0            0  2.08202e+22      22.3184   0.00345074            0            0            0            0
           0   2.5143e+06      2928.03            0            0            0      2928.03  9.17025e+10      3771.85  -1.7449e-05            0            0            0  1.96579e+22      22.2935   0.00351204            0            0            0            0
           0   2.5721e+06      2973.33            0            0            0      2973.33  9.40385e+10      3771.86 -1.78486e-05            0            0            0  1.83893e+22      22.2645   0.00358388            0            0            0            0
           0   2.6299e+06      3019.58            0            0            0      3019.58  9.63866e+10      3771.85 -9.13273e-06            0            0            0  1.71289e+22      22.2336   0.00365985            0            0            0            0
           0   2.6877e+06      3064.43            0            0            0      3064.43    9.863e+10      3771.83 -1.01686e-05            0            0            0  1.59578e+22      22.2029    0.0037353            0            0            0            0
           0   2.7455e+06      3110.22            0            0            0      3110.22  1.00886e+11      3771.83 -4.66463e-06            0            0            0  1.48225e+22      22.1708   0.00381306            0            0            0            0
           0   2.8033e+06      3158.22            0            0            0      3158.22  1.03217e+11      3771.83  5.03917e-06            0            0            0  1.36927e+22      22.1364   0.00389921            0            0            0            0
           0   2.8611e+06      3152.63            0            0            0      3206.05  1.05504e+11      3771.84  9.80758e-22            0            0            0  7.91086e+22      22.2311   -0.0974268            0            0            0            0
           0        28900      907.871    0.0347056     0.106083    0.0129869      1584.02  9.27939e+08      3299.95 -2.16448e-06            0            0            0  6.54249e+22      22.1101    0.0770038            0      108.013      348.569      42.8855
           0        86700      1509.81  0.000880207    0.0169337    0.0132793      1606.37  2.79353e+09      3299.94 -3.13494e-08            0            0            0  2.10537e+21      19.8485    0.0184838            0       2.7446      55.4333      43.8269
           0       144500      1623.02  0.000651572   0.00233096    0.0124815       1629.6  4.70391e+09      3299.93 -1.50178e-06            0            0            0  1.76822e+21       19.627   0.00276352            0      2.13326      7.70681      41.1893
           0       202300      1649.68  0.000343491   0.00173854   0.00593669       1652.7  6.57771e+09      3299.95  6.47787e-06            0            0            0  1.73895e+21       19.805   0.00169021            0      1.23423      5.75457      19.5912
           0       260100      1674.76            0  -1.7497e-06            0      1676.08  8.44744e+09      3299.93  3.04638e-06            0            0            0  1.57443e+20      19.9802   0.00183634            0            0  -0.00585101            0
           0       317900      1700.69            0            0            0      1700.76  1.03933e+10      3299.94 -3.30642e-08            0            0            0  1.44029e+20      20.1555   0.00175546            0            0            0            0
           0       375700      1724.91            0            0            0      1724.91  1.22701e+10      3299.95  4.06128e-06            0            0            0  2.09603e+20      20.3192    0.0017568            0            0            0            0
           0       433500      1749.65            0            0            0      1749.65  1.41802e+10      3368.33   0.00160131            0            0            0   3.0154e+20      20.4768   0.00182185            0            0            0            0
           0       491300      1774.78            0            0            0      1774.78  1.61301e+10      3394.33  3.60986e-06            0            0            0  4.28986e+20      20.6305   0.00186421            0            0            0            0
           0       549100      1800.09            0            0            0      1800.09  1.80752e+10      3427.93  0.000908275            0            0            0  5.99965e+20       20.776   0.00191139            0            0            0            0
           0       606900       1826.3            0            0            0       1826.3  2.00832e+10      3452.75  0.000120092            0            0            0   8.3414e+20      20.9194   0.00195499            0            0            0            0
           0       664700       1852.4            0            0            0       1852.4  2.20787e+10      3589.52   0.00578342            0            0            0  1.07057e+22      21.8529   0.00206322            0            0            0            0
           0       722500      1879.59            0            0            0      1879.59  2.42586e+10       3771.9  1.28226e-05            0            0            0  1.75435e+22       22.244   0.00219839            0            0            0            0
           0       780300      1906.43            0            0            0      1906.43  2.64166e+10      3771.93 -6.09785e-06            0            0            0   1.9118e+22      22.2813   0.00222792            0            0            0            0
           0       838100      1933.68            0            0            0      1933.64  2.85727e+10      3771.92 -5.66455e-06            0            0            0  2.06601e+22       22.315   0.00227123            0            0            0            0
           0       895900      1962.68            0            0            0      1962.68  3.08404e+10      3771.95  9.19112e-08            0            0            0  2.21108e+22      22.3445   0.00224514            0            0            0            0
           0       953700      1991.19            0            0            0      1992.12  3.31061e+10      3771.92  1.16523e-07            0            0            0  2.37454e+22      22.3755   0.00229969            0            0            0            0
           0   1.0115e+06      2018.77            0            0            0      2018.97  3.51436e+10      3771.93  2.91302e-05            0            0            0  2.50232e+22      22.3983   0.00243004            0            0            0            0
           0   1.0693e+06      2046.29            0            0            0      2046.18  3.71798e+10      3771.92 -8.02169e-08            0            0            0  2.64346e+22      22.4221   0.00237302            0            0            0            0
           0   1.1271e+06      2076.82            0            0            0      2076.82  3.94408e+10      3771.91 -1.30226e-07            0            0            0  2.78796e+22      22.4452   0.00241603            0            0            0            0
           0   1.1849e+06      2107.89            0            0            0      2107.89  4.17003e+10      3771.92 -1.22426e-05            0            0            0  2.90896e+22      22.4637   0.00245054            0            0            0            0
           0   1.2427e+06      2139.41            0            0            0      2139.41  4.39585e+10      3771.89  2.46666e-05            0            0            0  3.01591e+22      22.4794   0.00248617            0            0            0            0
           0   1.3005e+06      2168.16            0            0            0      2168.16  4.59902e+10      3771.86 -3.12521e-05            0            0            0  3.09945e+22      22.4913   0.00251855            0            0            0            0
           0   1.3583e+06       2197.3            0            0            0       2197.3   4.8021e+10       3771.9  1.26309e-05            0            0            0  3.16943e+22       22.501    0.0025515            0            0            0            0
           0   1.4161e+06      2230.12            0            0            0      2230.12  5.02768e+10      3771.86  1.28459e-05            0            0            0  3.23128e+22      22.5094   0.00258913            0            0            0            0
           0   1.4739e+06      2263.43            0            0            0      2263.43  5.25324e+10      3771.92  2.60782e-05            0            0            0  3.27585e+22      22.5153   0.00262768            0            0            0            0
           0   1.5317e+06      2297.24            0            0            0      2297.23  5.47879e+10      3771.99 -1.31504e-05            0            0            0  3.30278e+22      22.5189    0.0026668            0            0            0            0
           0   1.5895e+06      2328.08            0            0            0      2328.08  5.68178e+10      3771.94 -6.09692e-08            0            0            0  3.31255e+22      22.5202   0.00270284            0            0            0            0
           0   1.6473e+06      2359.37            0            0            0      2359.37  5.88484e+10      3771.95 -5.00837e-08            0            0            0  3.30772e+22      22.5195   0.00274044            0            0            0            0
           0   1.7051e+06      2394.63            0            0            0      2394.63  6.11056e+10      3771.97  2.76249e-05            0            0            0  3.28673e+22      22.5168   0.00278262            0            0            0            0
           0   1.7629e+06      2430.44            0            0            0      2430.44  6.33639e+10      3771.95 -5.13523e-08            0            0            0  3.24996e+22      22.5119   0.00282597            0            0            0            0
           0   1.8207e+06      2466.95            0            0            0      2466.81  6.56239e+10       3771.9 -1.09343e-07            0            0            0  3.18602e+22      22.5032   0.00288221            0            0            0            0
           0   1.8785e+06      2499.77            0            0            0      2500.04  6.76601e+10      3771.88 -1.39507e-07            0            0            0   3.1184e+22      22.4939   0.00281366            0            0            0            0
           0   1.9363e+06      2532.58            0            0            0      2533.77  6.96985e+10      3771.97  1.47423e-05            0            0            0  3.06344e+22      22.4862   0.00298333            0            0            0            0
           0   1.9941e+06      2571.82            0            0            0      2571.81  7.19662e+10      3771.92  -2.9816e-05            0            0            0  2.96365e+22      22.4718   0.00306112            0            0            0            0
           0   2.0519e+06      2610.55            0            0            0       2610.5  7.42379e+10      3771.87 -3.05404e-05            0            0            0  2.88348e+22      22.4599    0.0030382            0            0            0            0
           0   2.1097e+06      2649.85            0            0            0      2649.85  7.65142e+10       3771.9  -7.5788e-08            0            0            0  2.78115e+22      22.4442   0.00310795            0            0            0            0
           0   2.1675e+06      2685.83            0            0            0      2685.83  7.85669e+10      3771.92  1.97024e-05            0            0            0   2.6793e+22       22.428   0.00315586            0            0            0            0
           0   2.2253e+06      2722.41            0            0            0      2722.41  8.06243e+10      3771.87  4.18245e-08            0            0            0  2.57366e+22      22.4105    0.0032076            0            0            0            0
           0   2.2831e+06      2763.74            0            0            0      2763.74   8.2917e+10       3771.9   -1.136e-07            0            0            0  2.45057e+22      22.3892   0.00326604            0            0            0            0
           0   2.3409e+06      2805.83            0            0            0      2805.83  8.52167e+10      3771.88  1.63957e-05            0            0            0  2.32535e+22      22.3664   0.00332677            0            0            0            0
           0   2.3987e+06      2848.71            0            0            0      2848.71  8.75241e+10      3771.86  1.59997e-08            0            0            0  2.19705e+22      22.3418    0.0033895            0            0            0            0
           0   2.4565e+06         2888            0            0            0         2888  8.96089e+10      3771.87  -2.1401e-05            0            0            0  2.08202e+22      22.3184   0.00345074            0            0            0            0
           0   2.5143e+06      2928.03            0            0            0      2928.03  9.17025e+10      3771.85  -1.7449e-05            0            0            0  1.96579e+22      22.2935   0.00351204            0            0            0            0
           0   2.5721e+06      2973.33            0            0            0      2973.33  9.40385e+10      3771.86 -1.78486e-05            0            0            0  1.83893e+22      22.2645   0.00358388            0            0            0            0
           0   2.6299e+06      3019.58            0            0            0      3019.58  9.63866e+10      3771.85 -9.13273e-06            0            0            0  1.71289e+22      22.2336   0.00365985            0            0            0            0
           0   2.6877e+06      3064.43            0            0            0      3064.43    9.863e+10      3771.83 -1.01686e-05            0            0            0  1.59578e+22      22.2029    0.0037353            0            0            0            0
           0   2.7455e+06      3110.22            0            0            0      3110.22  1.00886e+11      3771.83 -4.66463e-06            0            0            0  1.48225e+22      22.1708   0.00381306            0            0            0            0
           0   2.8033e+06      3158.22            0            0            0      3158.22  1.03217e+11      3771.83  5.03917e-06            0            0            0  1.36927e+22      22.1364   0.00389921            0            0            0            0
           0   2.8611e+06      3152.63            0            0            0      3206.05  1.05504e+11      3771.84  9.19083e-23            0            0            0  7.91086e+22      22.2311   -0.0974268            0            0            0            0
      100000        28900      907.871    0.0347056     0.106083    0.0129869      1584.02  9.27939e+08      3299.95 -2.16448e-06            0            0            0  6.37398e+23      23.1913    0.0770038            0      108.013      348.569      42.8855
      100000        86700      1509.81  0.000880207    0.0169337    0.0132793      1606.37  2.79353e+09      3299.94 -3.13494e-08            0            0            0  5.41924e+21      20.3496    0.0184838            0       2.7446      55.4333      43.8269
      100000       144500      1623.02  0.000651572   0.00233096    0.0124815       1629.6  4.70391e+09      3299.93 -1.50178e-06            0            0            0   3.3176e+21      20.0025   0.00276352            0      2.13326      7.70681      41.1893
      100000       202300      1649.68  0.000343491   0.00173854   0.00593669       1652.7  6.57771e+09      3299.95  6.47787e-06            0            0            0  3.41403e+21      20.2449   0.00169021            0      1.23423      5.75457      19.5912
      100000       260100      1674.76            0  -1.7497e-06            0      1676.08  8.44744e+09      3299.93  3.04638e-06            0            0            0  1.31018e+21      20.4936   0.00183634            0            0  -0.00585101            0
      100000       317900      1700.69            0            0            0      1700.76  1.03933e+10      3299.94 -3.30642e-08            0            0            0  5.59257e+20      20.7415   0.00175546            0            0            0            0
      100000       375700      1724.91            0            0            0      1724.91  1.22701e+10      3299.95  4.06128e-06            0            0            0  9.65518e+20      20.9799    0.0017568            0            0            0            0
      100000       433500      1749.65            0            0            0      1749.65  1.41802e+10      3368.33   0.00160131            0            0            0  1.66249e+21       21.215   0.00182185            0            0            0            0
      100000       491300      1774.78            0            0            0      1774.78  1.61301e+10      3394.33  3.60986e-06            0            0            0  2.84135e+21      21.4489   0.00186421            0            0            0            0
      100000       549100      1800.09            0            0            0      1800.09  1.80752e+10      3427.93  0.000908275            0            0            0  4.78005e+21      21.6743   0.00191139            0            0            0            0
      100000       606900       1826.3            0            0            0       1826.3  2.00832e+10      3452.75  0.000120092            0            0            0  8.02025e+21      21.8997   0.00195499            0            0            0            0
      100000       664700       1852.4            0            0            0       1852.4  2.20787e+10      3589.52   0.00578342            0            0            0  1.42416e+22      22.1477   0.00206322            0            0            0            0
      100000       722500      1879.59            0            0            0      1879.59  2.42586e+10       3771.9  1.28226e-05            0            0            0  1.75435e+22       22.244   0.00219839            0            0            0            0
      100000       780300      1906.43            0            0            0      1906.43  2.64166e+10      3771.93 -6.09785e-06            0            0            0   1.9118e+22      22.2813   0.00222792            0            0            0            0
      100000       838100      1933.68            0            0            0      1933.64  2.85727e+10      3771.92 -5.66455e-06            0            0            0  2.06601e+22       22.315   0.00227123            0            0            0            0
      100000       895900      1962.68            0            0            0      1962.68  3.08404e+10      3771.95  9.19112e-08            0            0            0  2.21108e+22      22.3445   0.00224514            0            0            0            0
      100000       953700      1991.19            0            0            0      1992.12  3.31061e+10      3771.92  1.16523e-07            0            0            0  2.37454e+22      22.3755   0.00229969            0            0            0            0
      100000   1.0115e+06      2018.77            0            0            0      2018.97  3.51436e+10      3771.93  2.91302e-05            0            0            0  2.50232e+22      22.3983   0.00243004            0            0            0            0
      100000   1.0693e+06      2046.29            0            0            0      2046.18  3.71798e+10      3771.92 -8.02169e-08            0            0            0  2.64346e+22      22.4221   0.00237302            0            0            0            0
      100000   1.1271e+06      2076.82            0            0            0      2076.82  3.94408e+10      3771.91 -1.30226e-07            0            0            0  2.78796e+22      22.4452   0.00241603            0            0            0            0
      100000   1.1849e+06      2107.89            0            0            0      2107.89  4.17003e+10      3771.92 -1.22426e-05            0            0            0  2.90896e+22      22.4637   0.00245054            0            0            0            0
      100000   1.2427e+06      2139.41            0            0            0      2139.41  4.39585e+10      3771.89  2.46666e-05            0            0            0  3.01591e+22      22.4794   0.00248617            0            0            0            0
      100000   1.3005e+06      2168.16            0            0            0      2168.16  4.59902e+10      3771.86 -3.12521e-05            0            0            0  3.09945e+22      22.4913   0.00251855            0            0            0            0
      100000   1.3583e+06       2197.3            0            0            0       2197.3   4.8021e+10       3771.9  1.26309e-05            0            0            0  3.16943e+22       22.501    0.0025515            0            0            0            0
      100000   1.4161e+06      2230.12            0            0            0      2230.12  5.02768e+10      3771.86  1.28459e-05            0            0            0  3.23128e+22      22.5094   0.00258913            0            0            0            0
      100000   1.4739e+06      2263.43            0            0            0      2263.43  5.25324e+10      3771.92  2.60782e-05            0            0            0  3.27585e+22      22.5153   0.00262768            0            0            0            0
      100000   1.5317e+06      2297.24            0            0            0      2297.23  5.47879e+10      3771.99 -1.31504e-05            0            0            0  3.30278e+22      22.5189    0.0026668            0            0            0            0
      100000   1.5895e+06      2328.08            0            0            0      2328.08  5.68178e+10      3771.94 -6.09692e-08            0            0            0  3.31255e+22      22.5202   0.00270284            0            0            0            0
      100000   1.6473e+06      2359.37            0            0            0      2359.37  5.88484e+10      3771.95 -5.00837e-08            0            0            0  3.30772e+22      22.5195   0.00274044            0            0            0            0
      100000   1.7051e+06      2394.63            0            0            0      2394.63  6.11056e+10      3771.97  2.76249e-05            0            0            0  3.28673e+22      22.5168   0.00278262            0            0            0            0
      100000   1.7629e+06      2430.44            0            0            0      2430.44  6.33639e+10      3771.95 -5.13523e-08            0            0            0  3.24996e+22      22.5119   0.00282597            0            0            0            0
      100000   1.8207e+06      2466.95            0            0            0      2466.81  6.56239e+10       3771.9 -1.09343e-07            0            0            0  3.18602e+22      22.5032   0.00288221            0            0            0            0
      100000   1.8785e+06      2499.77            0            0            0      2500.04  6.76601e+10      3771.88 -1.39507e-07            0            0            0   3.1184e+22      22.4939   0.00281366            0            0            0            0
      100000   1.9363e+06      2532.58            0            0            0      2533.77  6.96985e+10      3771.97  1.47423e-05            0            0            0  3.06344e+22      22.4862   0.00298333            0            0            0            0
      100000   1.9941e+06      2571.82            0            0            0      2571.81  7.19662e+10      3771.92  -2.9816e-05            0            0            0  2.96365e+22      22.4718   0.00306112            0            0            0            0
      100000   2.0519e+06      2610.55            0            0            0       2610.5  7.42379e+10      3771.87 -3.05404e-05            0            0            0  2.88348e+22      22.4599    0.0030382            0            0            0            0
      100000   2.1097e+06      2649.85            0            0            0      2649.85  7.65142e+10       3771.9  -7.5788e-08            0            0            0  2.78115e+22      22.4442   0.00310795            0            0            0            0
      100000   2.1675e+06      2685.83            0            0            0      2685.83  7.85669e+10      3771.92  1.97024e-05            0            0            0   2.6793e+22       22.428   0.00315586            0            0            0            0
      100000   2.2253e+06      2722.41            0            0            0      2722.41  8.06243e+10      3771.87  4.18245e-08            0            0            0  2.57366e+22      22.4105    0.0032076            0            0            0            0
      100000   2.2831e+06      2763.74            0            0            0      2763.74   8.2917e+10       3771.9   -1.136e-07            0            0            0  2.45057e+22      22.3892   0.00326604            0            0            0            0
      100000   2.3409e+06      2805.83            0            0            0      2805.83  8.52167e+10      3771.88  1.63957e-05            0            0            0  2.32535e+22      22.3664   0.00332677            0            0            0            0
      100000   2.3987e+06      2848.71            0            0            0      2848.71  8.75241e+10      3771.86  1.59997e-08            0            0            0  2.19705e+22      22.3418    0.0033895            0            0            0            0
      100000   2.4565e+06         2888            0            0            0         2888  8.96089e+10      3771.87  -2.1401e-05            0            0            0  2.08202e+22      22.3184   0.00345074            0            0            0            0
      100000   2.5143e+06      2928.03            0            0            0      2928.03  9.17025e+10      3771.85  -1.7449e-05            0            0            0  1.96579e+22      22.2935   0.00351204            0            0            0            0
      100000   2.5721e+06      2973.33            0            0            0      2973.33  9.40385e+10      3771.86 -1.78486e-05            0            0            0  1.83893e+22      22.2645   0.00358388            0            0            0            0
      100000   2.6299e+06      3019.58            0            0            0      3019.58  9.63866e+10      3771.85 -9.13273e-06            0            0            0  1.71289e+22      22.2336   0.00365985            0            0            0            0
      100000   2.6877e+06      3064.43            0            0            0      3064.43    9.863e+10      3771.83 -1.01686e-05            0            0            0  1.59578e+22      22.2029    0.0037353            0            0            0            0
      100000   2.7455e+06      3110.22            0            0            0      3110.22  1.00886e+11      3771.83 -4.66463e-06            0            0            0  1.48225e+22      22.1708   0.00381306            0            0            0            0
      100000   2.8033e+06      3158.22            0            0            0      3158.22  1.03217e+11      3771.83  5.03917e-06            0            0            0  1.36927e+22      22.1364   0.00389921            0            0            0            0
      100000   2.8611e+06      3152.63            0            0            0      3206.05  1.05504e+11      3771.84  9.19083e-23            0            0            0  7.91086e+22      22.2311   -0.0974268            0            0            0            0
