# 1: temperature (C)
# 2: pressure (GPa)
401.35907335907336 2.2530612244897954
444.01765030336463 2.1902647545504683
469.3833425261997 2.1514506343077775
487.8698290126862 2.0728019856591278
498.94980694980694 1.8911307225592937
519.9470490899065 1.5422228350799752
531.0292333149475 1.3576778819635966
559.2939878654165 1.2928350799779373
575.446221731936 1.2545504688361833
596.1434087148372 1.2964644236072806
615.6933259790403 1.3326971869829007
712.8229453943741 1.5713678985107555
826.6188637617208 1.8521842250413678
897.3149476006618 2.020535024820738