# 1: temperature (C)
# 2: depth (km)
504.3406915413166 156.06720062512207
502.1006707039136 61.63469427622583
513.3216122940679 54.303574916975975
522.8338868268542 45.45184606368433
553.0845868333657 40.54385622191836
629.7401836296151 43.27485837077556
698.98808361008 45.99882789607348
768.3401706062381 51.254541902715374
862.4418831803085 57.92615745262748
938.3785895682751 63.188122680210995
1004.4175294653902 67.93436218011331
1104.3068307612161 75.24438366868529
1162.0941590154325 79.47646024614183
1201.7112717327605 82.1722992772026